15.5 19.5 15.5 19.5
14.3889 19.5 14.5 19.5
13.2778 19.5 13.5 19.5
12.1667 19.5 12.5 19.5
11.0556 19.5 11.5 19.5
9.94444 19.5 10.5 19.5
8.83333 19.5 9.5 19.5
7.72222 19.5 8.5 19.5
6.61111 19.5 7.5 19.5
5.5 19.5 6.5 19.5
4.89937 19.336 5.5 19.5
4.78464 20.0683 5.5 18.5
4.83429 20.8079 4.5 18.5
5.04587 21.5184 4.5 19.5
5.40897 22.1647 4.5 20.5
5.90568 22.7149 5.5 20.5
6.51155 23.1421 5.5 21.5
7.19671 23.425 5.5 22.5
7.92741 23.5498 6.5 22.5
8.66765 23.5104 6.5 23.5
8.5 22.5 7.5 23.5
9.27778 22.5 8.5 23.5
10.0556 22.5 8.5 22.5
10.8333 22.5 9.5 22.5
11.6111 22.5 10.5 22.5
12.3889 22.5 11.5 22.5
13.1667 22.5 12.5 22.5
13.9444 22.5 13.5 22.5
14.7222 22.5 14.5 22.5
15.5 22.5 15.5 22.5
15.5 22.5 15.5 23.5
15.5 22.8333 15.5 24.5
15.5 23.1667 15.5 25.5
15.5 23.5 14.5 25.5
15.5 23.8333 13.5 25.5
15.5 24.1667 13.5 26.5
15.5 24.5 12.5 26.5
15.5 24.8333 12.5 27.5
15.5 25.1667 12.5 28.5
15.5 25.5 12.5 29.5
15.5098 25.4338 13.5 29.5
14.8355 25.4161 14.5 29.5
14.1767 25.5611 14.5 28.5
13.5721 25.8603 15.5 28.5
13.0572 26.2961 16.5 28.5
12.6622 26.8429 16.5 27.5
12.4103 27.4687 17.5 27.5
12.3163 28.1367 18.5 27.5
12.3857 28.8077 19.5 27.5
12.6144 29.4423 19.5 28.5
12.5 29.5 19.5 29.5
13.2919 29.3312 20.5 29.5
14.0808 29.1488 21.5 29.5
14.8664 28.9531 22.5 29.5
15.6487 28.744 22.5 28.5
16.4272 28.5215 22.5 27.5
17.2018 28.2859 23.5 27.5
17.9723 28.037 24.5 27.5
18.7384 27.775 25.5 27.5
19.5 27.5 25.5 28.5
19.5 27.5 26.5 28.5
19.5 27.7222 27.5 28.5
19.5 27.9444 27.5 29.5
19.5 28.1667 28.5 29.5
19.5 28.3889 29.5 29.5
19.5 28.6111 29.5 28.5
19.5 28.8333 29.5 27.5
19.5 29.0556 29.5 26.5
19.5 29.2778 28.5 26.5
19.5 29.5 28.5 25.5
19.5 29.5 27.5 25.5
19.8333 29.5 26.5 25.5
20.1667 29.5 26.5 24.5
20.5 29.5 26.5 23.5
20.8333 29.5 26.5 22.5
21.1667 29.5 27.5 22.5
21.5 29.5 28.5 22.5
21.8333 29.5 29.5 22.5
22.1667 29.5 30.5 22.5
22.5 29.5 31.5 22.5
22.5 29.5 32.5 22.5
22.5 29.2778 32.5 23.5
22.5 29.0556 33.5 23.5
22.5 28.8333 34.5 23.5
22.5 28.6111 34.5 22.5
22.5 28.3889 35.5 22.5
22.5 28.1667 35.5 21.5
22.5 27.9444 35.5 20.5
22.5 27.7222 36.5 20.5
22.5 27.5 36.5 19.5
22.6285 27.1447 36.5 18.5
23.3874 27.4191 35.5 18.5
24.1463 27.6935 35.5 19.5
24.9052 27.968 34.5 19.5
25.6641 28.2424 33.5 19.5
26.423 28.5168 32.5 19.5
27.1819 28.7912 31.5 19.5
27.9408 29.0656 30.5 19.5
28.6997 29.3401 29.5 19.5
29.4586 29.6145 28.5 19.5
29.417 29.459 27.5 19.5
29.6405 28.8226 26.5 19.5
29.7047 28.1513 26.5 18.5
29.6059 27.4841 26.5 17.5
29.3499 26.8601 26.5 16.5
28.9516 26.3158 26.5 15.5
28.4343 25.8831 26.5 14.5
27.8283 25.5871 25.5 14.5
27.1689 25.4453 25.5 13.5
26.4948 25.4658 25.5 12.5
26.5 25.5 25.5 11.5
26.5 25.1667 25.5 10.5
26.5 24.8333 24.5 10.5
26.5 24.5 24.5 9.5
26.5 24.1667 24.5 8.5
26.5 23.8333 23.5 8.5
26.5 23.5 23.5 7.5
26.5 23.1667 23.5 6.5
26.5 22.8333 22.5 6.5
26.5 22.5 22.5 5.5
26.5 22.5 21.5 5.5
27.1667 22.5 20.5 5.5
27.8333 22.5 19.5 5.5
28.5 22.5 19.5 6.5
29.1667 22.5 18.5 6.5
29.8333 22.5 18.5 7.5
30.5 22.5 18.5 8.5
31.1667 22.5 17.5 8.5
31.8333 22.5 17.5 9.5
32.5 22.5 17.5 10.5
32.3166 23.3951 16.5 10.5
33.0342 23.4566 16.5 11.5
33.7465 23.3509 16.5 12.5
34.4152 23.0835 16.5 13.5
35.0042 22.669 16.5 14.5
35.4815 22.1297 15.5 14.5
35.8214 21.4948 15.5 15.5
36.0055 20.7986 15.5 16.5
36.024 20.0786 15.5 17.5
35.8757 19.3739 15.5 18.5
35.5 19.5 15.5 19.5
34.5 19.5 
33.5 19.5 
32.5 19.5 
31.5 19.5 
30.5 19.5 
29.5 19.5 
28.5 19.5 
27.5 19.5 
26.5 19.5 
26.1606 19.2125 
27.5548 16.3456 
27.4029 13.1614 
25.7419 10.4404 
22.9793 8.84971 
19.7922 8.77937 
16.962 10.2466 
15.1827 12.8917 
14.8904 16.0661 
16.1568 18.9916 
15.5 19.5 
