 19.5   5.5
 19.5   6.5
 18.5   6.5
 18.5   7.5
 18.5   8.5
 17.5   8.5
 17.5   9.5
 17.5  10.5
 16.5  10.5
 16.5  11.5
 16.5  12.5
 16.5  13.5
 16.5  14.5
 15.5  14.5
 15.5  15.5
 15.5  16.5
 15.5  17.5
 15.5  18.5
 15.5  19.5
 14.5  19.5
 13.5  19.5
 12.5  19.5
 11.5  19.5
 10.5  19.5
  9.5  19.5
  8.5  19.5
  7.5  19.5
  6.5  19.5
  5.5  19.5
  5.5  18.5
  4.5  18.5
  4.5  19.5
  4.5  20.5
  5.5  20.5
  5.5  21.5
  5.5  22.5
  6.5  22.5
  6.5  23.5
  7.5  23.5
  8.5  23.5
  8.5  22.5
  9.5  22.5
 10.5  22.5
 11.5  22.5
 12.5  22.5
 13.5  22.5
 14.5  22.5
 15.5  22.5
 15.5  23.5
 15.5  24.5
 15.5  25.5
 14.5  25.5
 13.5  25.5
 13.5  26.5
 12.5  26.5
 12.5  27.5
 12.5  28.5
 12.5  29.5
 13.5  29.5
 14.5  29.5
 14.5  28.5
 15.5  28.5
 16.5  28.5
 16.5  27.5
 17.5  27.5
 18.5  27.5
 19.5  27.5
 19.5  28.5
 19.5  29.5
 20.5  29.5
 21.5  29.5
 22.5  29.5
 22.5  28.5
 22.5  27.5
 23.5  27.5
 24.5  27.5
 25.5  27.5
 25.5  28.5
 26.5  28.5
 27.5  28.5
 27.5  29.5
 28.5  29.5
 29.5  29.5
 29.5  28.5
 29.5  27.5
 29.5  26.5
 28.5  26.5
 28.5  25.5
 27.5  25.5
 26.5  25.5
 26.5  24.5
 26.5  23.5
 26.5  22.5
 27.5  22.5
 28.5  22.5
 29.5  22.5
 30.5  22.5
 31.5  22.5
 32.5  22.5
 32.5  23.5
 33.5  23.5
 34.5  23.5
 34.5  22.5
 35.5  22.5
 35.5  21.5
 35.5  20.5
 36.5  20.5
 36.5  19.5
 36.5  18.5
 35.5  18.5
 35.5  19.5
 34.5  19.5
 33.5  19.5
 32.5  19.5
 31.5  19.5
 30.5  19.5
 29.5  19.5
 28.5  19.5
 27.5  19.5
 26.5  19.5
 26.5  18.5
 26.5  17.5
 26.5  16.5
 26.5  15.5
 26.5  14.5
 25.5  14.5
 25.5  13.5
 25.5  12.5
 25.5  11.5
 25.5  10.5
 24.5  10.5
 24.5   9.5
 24.5   8.5
 23.5   8.5
 23.5   7.5
 23.5   6.5
 22.5   6.5
 22.5   5.5
 21.5   5.5
 20.5   5.5
